45
7 1 1 7
6 2 2 2
10 4 1 10
3 1 1 1
3 1 1 3
3 2 1 3
18 2 1 1
21 3 5 5
25 3 3 3
28 5 1 1
27 5 4 27
26 2 4 5
26 4 3 3
129 3 4 19
172 8 4 14
75 9 8 75
106 82 1 106
106 85 1 106
121 89 1 121
121 80 1 121
839 1 1 839
838 2 1 838
1000 999 1 1000
1000 998 1 1000
1000 9 1 1000
1000 11 1 1000
999 178 1 999
999 179 1 999
919 335 232 409
337 3 6 41
743 610 17 19
834 98 3 4
328 19 75 265
583 50 2 90
838 12 24 33
851 25 1 12
331 10 21 76
712 555 119 184
734 360 1 49
841 23 13 93
907 29 1 900
976 14 2 800
690 10 1 690
531 1 1 487
994 14 1 675
